199
210
180
193
172
177
177
175
159
166
178
175
180
189
238
223
201
170
136
175
189
171
172
167
192
203
203
195
199
198
197
187
182
202
203
202
207
211
208
196
197
198
196
192
190
187
181
193
184
173
144
176
169
182
190
204
197




205
203
201
199
200
208
211
212
216
213
214
218
218
220
221
214
216
223
227
229
230
231
236
238
241
245
237
240
254
262
260
250
249
262
270
286
291
291
329
311
334
239
247
269
272
293
287
289
291
285
281
271
284
271
277
271
269
258
242
214
190
192
193
193
195
196
188
172
179
186
138
93
38
56
71
75
114
100
185
131
205
103
72
59
51
54
58
58
66
63
69
70
66
65
65
63
67
75
73
71
52
38
32
24
18
20
0
177
178
216
256
178
192
213
195
190


222
230
230
228
221
225
205
226
224
232
230
218
231
228
226
293
305
240
231
212
210
190
196
196
224
212
227
226
229
197
179
180
170
171
178
173
169
164
161
171
180
178
167
161
163
155
171
16
40
18
8
19
68
134
179
186
177
174
188
197
191
188
199
213
185
198
194
204
203
208
218
201
204
206
242
249
276
223
230
222
228
222
216
226
210
212
204
213
213
211
213
213
210
210
213
214
215
212
214
215
212
210
211
211
214
214
218
217
220
227
242
246
249
253
250
241
246
239
238
235
235
244
246
249
252
246
239
224
231
231
227
221
222
217
218
219
216
218
217
212
212
212
208
215
217
225
242
247
243
236
219
216
225
223
238
234
226
217
215
219
217
207
210
208
214
216
230
231
238
256
256
252
252
306
326
325
321
290
280
274
274
280
251
247
257
255
230
217
210
211
214
195
201
205
203
202
201
201
199
205
202
203
199
199
204
204
206
203
206
209
210
212
205
211
213
206
214
210
205
204
207
210
212
213
215
209
204
205
199
195
207
208
215
215
228
237
230
232
214
214
216
212
207
202
191
192
189
192
189
184
185
191
178
179
181
182
185
182
181
178
184
193
194
238
238
243
232
252
289
278
271
264
257
244
227
227
220
220
210
202
191
194
214
269
271
254
245
247
249
241
225
231
218
240
246
244
229
223
215
208
197
188
187
188
201
214
224
228
252
237
236
237
224
221
228
218
221
209
205
202
204
205
208
202
194
189
195
191
206
210
205
215
194
205
207
206
202
196
186
94
134
159
177
161
155
137
142
177
187
197
200
203
203
205
201
197
196
193
189
197
201
199
200
199
199
190
198
201
195
212
202
249
247
229
233
229
228
220
212
212
211
211
205
204
203
201
197
184
151
119
101
142
179
180
182
181
185
180
185
186
190
183
181
173
187
166
168
175
176
173
170
176
170
165
165
180
183
175
169
170
170
178
182
183
179
177
182
154
166
179
179
173
169
180
192
203
203
222
224
219
207
200
217
214
210
213
213
212
204
206
195
187
183
180
188
195
190
202
210
196
197
196
190
186
186
182
180
169
173
180
185
194
193
188
179
177
186
185
191
217
218
217
215
228
229
254
256
251
246
249
251
250
238
247
239
230
235
242
240
252
253
249
251
247
245
252
256
260
263
246
240
243
241
232
232
221
228
224
217
215
200
187
191
193
196
201
209
221
228
246
253
249
243
244
246
242
242
238
230
227
237
241
254
258
267
262
272
284
274
277
274
272
289
291
293
294
276
270
264
256
253
256
240
226
204
198
210
245
180
156
152
152
173
157
152
175
152
116
149
174
164
164
144
152
192
202
205
199
200
181
192
184
187
109
74
49
44
38
16
37
50
72
65
52
68
61
64
85
106
115
101
104
103
140
155
158
160
213
197
174
155
161
189
177
245
186
22
355
9
89
209
171
214
186
165
173
179
183
171
158
167
174
166
164
168
167
158
147
172
173
313
15
345
175
135
152
163
188
192
193
192
197
196
194
189
187
161
171
146
131
188
200
205
212
217
231
219
213
216
209
211
215
218
215
211
207
209
229
228
208
243
233
186
182
37
179
108
18
79
61
34
56
79
65
110
82
78
118
186
220
99
162
165
128
198
152
187
199
178
58
246
8
42
24
20
186
176
172
168
184
202
181
168
227
230
192
307
189
212
216
200
170
121
174
206
214
218
209
214
214
211
208
210
202
199
204
208
213
219
218
223
216
219
216
222
221
216
220
219
220
219
225
229
241
251
270
321
315
299
282
265
253
261
249
244
243
237
233
238
245
249
245
241
257
265
263
259
253
255
261
258
257
263
259
255
257
255
249
246
237
239
235
250
215
212
215
219
216
230
218
210
221
219
219
200
206
203
200
199
201
202
202
200
192
195
182
177
175
145
152
180
195
197
205
192
190
197
192
198
215
210
231
221
217
218
218
226
222
219
217
225
230
223
219
228
230
230
222
213
198
200
202
199
193
189
212
206
209
205
207
212
219
218
214
220
229
228
227
220
218
217
227
233
228
229
225
217
212
211
210
209
204
200
201
203
208
206
209
208
205
204
213
219
213
205
205
213
210
215
212
209
208
203
208
209
218
214
223
218
222
220
214
215
223
249
259
260
267
274
283
291
298
305
290
301
287
269
226
217
229
211
223
210
220
213
202
206
213
206
208
213
216
214
215
209
209
199
202
212
214
212
214
216
218
217
208
204
209
211
209
212
214
213
209
215
211
217
221
219
220
227
221
222
230
229
227
227
225
227
222
212
201
188
199
195
196
194
187
189
206
201
204
199
185
188
190
195
191
197
199
197
202
199
202
201
201
202
200
201
209
213
216
209
208
206
210
204
207
204
208
210
208
209
210
211
210
203
205
207
216
207
202
206
203
201
200
203
198
199
204
216
215
217
225
231
239
249
254
258
244
216
204

175
186
190
187
183
185
183
184
196
191
195
183
170
173
179
181
179
181
186
195
186
188
184
184
188
191
185
187
192
197
202
206
208
209
215
223
224
224
233
242
233
227
228
225
225
223
220
219
225
230
229
230
216
229
233
233
240
258
258
258
250
241
242
258
277
279
275
282
280
283
284
284
289
285
283
291
296
300
309
301
332
356
15
12
355
351
7
34




173
194

152






126


36
86
91
99
106

157
168


183
168
176
180
167
170
169
166
159
161

186

34
6
351
359
38

176
176
171
168
170
203







51


164
154
129
72
34
33
25
48
32
39

170
117
40





73
85
88


93
92
60
50
53
42
17
23
59
95
75
65
223
292
232
243
249
244
257
238
216
224
219
247
215
280
274

321
57

6

244
129
118
89
160
200
255
227
177
235


326



303
269
272
33
25
44
138
167






192


177
195
193
198
201
196
200
212
209
214
204
204
204
202
201
197
205
203
200
206
199
197
205
207
216
203
202
205
201
200
200
204
207
209
195
197
205
203
196
194
193
187
194
204
228
220
235
230
210
211
208
226
226
229
238
240
244
248
242
240
243
237
222
215
216
215
227
235
231
242
243
236
242
246
239
233
232
242
248
254
255
255
252
261
248
242
237
226
217
221
224
223
224
223
226
226
229
227
223
225
220
215
212
214
207
204
204
203
208
216
210
214
223
225
231
236
235
242
251
252
263
266
262
263
260
254
241
232
233
222
220
225
225
223
222
215
215
214
214
219
215
219
224
216
217
213
218
212
217
215
239
252
241
250
246
246
243
246
252
252
250
243
242
240
232
239
245
237
230
220
212
206
183

208
219
229
240
251
248
248
249
246
246
243
244
226
231
221
220
229
245
247
254
255
245
245
244
254
254
255
254
255
254
248
228
226
221
225
221
242
303
315
285
277
282
269
262
257
257
256
249
263
259
260
270
277
265
262
265
277
287
300
306
325
333
318
312
315
331
312
288
309
311
286
278
272
273
304
336
268
215
259
261
212
195
192
187
192
207
211
188
189
193
188
186
187
198
187

272
261
274
234
317
356
35
45
130
189
172
175

196





171
127
134
101


44
115
195
196
150
163
149
80
137


168
175
181
187
187
203
196
201
199
188
185
197
195
202
211
208
211
210
213
212
212
208
200
207
207
213
199
199
196
203
201
205
205
214
204
206
204
207
210
205
206
209
206
211
205
210
210
208
214
238
254
241
240
247
247
250
248
252
254
248
254
256
255
255
246
229
223
222
218
227
218
242
256
257
249
256
258
252
249
251
249
245
244
246
249
258
257
256
254
271
250
257
248
246
240
236
238
235
232
235
233
227
230
232
237
239
241
242
247
250
253
257
257
266
230
234
231
223
225
224
221
215
209
203
196
189
184
174
179
181
180
189
189
196
200
193
203
210
203
194
246
209
209
248
270
266
268
269
252
259
259
259
250
255
244
248
236
248
254
253
244
237
233
221
226
204
212
211
210
201
203
204
206
198
193
199
203
202
208
212
212
207
202
200
214
215
209
203
201
201
196
202
207
204
206
211
209
213
211
204
208
213
216
209
215
215
222
216
221
217
216
214
206
211
257
246
235
232
220
224
226
231
228
219
215
209
207
209
207
206
221
225
226
241
228
208
208
219
240
241
238
230
229
234
235
228
236
236
233
226
231
227
225
229
230
233
237
242
239
226
220
217
210
213
213
214
214
210
214
253
244
253
269
259
262
255
253
257
259
259
265
254
257
242
230
221
226
210
210
213
207
204
207
214
212
209
213
211
210
213
219
224

221
219
216
215
214
215
206
235
266
276
267
247
242
240
234
229
232
226
216
219
223
225
225
229
231
230
221
216
221
226
232
231
224
222
221
224
219
216
216
218
219
219
215
215
216
215
223
221
225
228
227
224
224
224
227
232
241
246
246
244
244
242
231
234
232
221
216
220
221
228
227
228
231
240
248
257
255
292
301
308
306
293
292
302
247
207
198
187
173
197
206
189
152
199
209
211
214
224
229
220
220
230
235
231
228
228
233
237
230
244
260
259
255
249
244
249
241
245
252
257
249
259
240
250
232
247
219
223
215
216
229
235
230
234
235
234
237
245
249
253
256
257
258
253
257
256
253
241
240
243
242
245
221
225
215
221
223
223
220
212
207
197
187
190
191
166
135
107
80
76
40
16
331
304
291
283
281
276
251
248
238
228
217
213
216
212
207
210
216
211
208
200
204
207
198
183
173
195
194
196
204
205
206
206
206
208
212
210
207
204
200
187
183
184
197
200
206
217
241
244
230
215
211
211
206
220
227
219
216
220
218
219
218
222
216
217
222
220
218
220
223
224
220
209
209
163
227
252
205
223
218
219
216
209
197
191
186
184
188
172
179
196
200
199
171
176
175
202
243
237
237
245
283
287
286
266
250
242
235
226
224
216
214
211
214
218
220
230
232
228
235
251
229
212
213
215
213
211
218
211
216
223
219
229
244
239
227
219
214
223
230
226
235
241
236
223
207
183
178
171
192
191
163
162
169
184
183
171
171
167
159
155
81
102
105
130
106
74
89
97
100
105
114
84






309
314
314
308
292
296
303
294
296
293
298
291
293
283
281
284
264
271
273
281
285
282
284
291
292
283
264
260
275
261
251
249
256
258
247
239
251
226
220
213
205
210
211
203
204
199
204
206
202
205
202
205
207
212
208
212
215
214
217
201
200
198
198
193
219
199
209
220
224
226
227
229
226
228
225
227
237
242
247
238
250
241
244
261
261
248
242
222
213
211
217
218
213
205
205
214
206
207
215
223
226
224
219
218
217
223
224
230
236
237
238
240
249
257
248
242
239
243
244
250
247
252
247
247
240
248
241
245
247
240
234
246
244
245
239
228
218
216
215
218
217
219
219
214
220
226
239
250
253
253
251
258
256
260
261
259
254
252
255
251
260
258
235
235
230
224
224
225
229
232
227
237
249
250
248
248
250
253
252
258
251
247
267
285
247
222
213
185
170
175
169

168
169
171
174
179
218
195
187
186
197
207
193
188
188
190
193
193
193
191
194
196
196
187
185
186
189
176
174
209
188
203
204
204
200
201
201
201
196
187
186
161
148
152


185
194
195
181
178
169
176


262
269
317
320
294
329
321
305
293
331
338
310
279
246
269
280
288
272
271
227
224
219
191
231
233
222
249
233
247
245
235
233
252
244
177
177
173
174
170
182
189
199
205
214
210
211
214
216
221
224
237
246
226
234
237
273
270
262
211
191
175
178
182
175
173
170
171
164

154



48
336
36
12
31
14
51
57
54
45
30
42
57

22
21
29
40
24
26
18
13
22
36
29
36
41
41
9
23
26
29
34
34
36
36
41
45
53
65
65
69
72
54
55
41
41
56
64
70
84
75
74
76
81
85
80
79
80
85
86
82
81
87
86
85
85
90
93
92
96
94
95
86
85
91
96
91
87
97
92
85
89
90
88
92
93
101
114
116
110
110
114
111
113
109
111
118
118
119
123
119
104
111
104
96
101
115
108
116
124
126
128
128
128
139
127
124
120
128
132
106
114
123
121
117
108
96
92
105
127
117
112
110
121
120
111
121
120



83
75
61
63
74
77
81
75
78
64
43
50
148
104
86
96
85
49
75
135
121
86
62
71
72
80
83
80
70
80
80
70
79
91
86
63






182
172
182
183



13
27
15
28
34
30
37
38
37

184
169
170

156

160
164





31
43
41
41
31
33
25
9
22
10
11


13
16
12
350
351
346
341
334
338
350
354
1
11
21
13
18
19
25
26
38
31
30
32
35
38
28
31
29
34
25
32
40
63
78

59
34
31
25
11
343
336
348
344
318
309
303
253
327
342
350
12
36
35
40
33
36
38
35
37
38
42
73
39
47
32
29
35
31
32
32

157
178
190
162
191
174
173
164
172
162


33
13
23
357
16
5
354
342
346
355
358
177
168
192
173
178
197
180
169
167
177
178
168



300
276
270
271
293
271
286
279
271
244
228
222
225
226
224
233
243
241
235
230
228
252
267
264
268
262
261
276
265
275
291
288
272
277
240
195
159
165
174
179
173
162
168
157
178
127
101
1
26
80
19
70
78
51
82
90
106
136
142

165
142
138
156

131
144
150
153
147
147
140
147
149
155
164
170
152
135
130
124
142
141
147
161
182
190
180
181
184
184
183
179
197
204
194
200
206
205
221
245
245
254
242
265
250
239
235
241
241
233
226

157
161


55
65
55
54
43
44
51
50
64
64
65
56
138
157
199

148


174
184
187
185
177
177
33
358
44
67
89
312
36
67
66

175
170
168
162
168
159

162
162





31
10
38
37
6
6
29
20
15
29
33
41

164

166

178
178
184




29
33
57
61
46
38
38
39
40
44
44
51
63












9
10
15
2
16
10
3
49
64

184
180
172
164
181
183
194
202
200
211
196
195
224
246
288
276
270
290
282
283
260
321
331
207
189
166
173
183
173

178

1
357
17
30
34
24
24
22
17
26
12
18
9
17
16
21
24
12
17
15
11
5
4
1
7
358
10
15
10
18
22
23
35
35
19
72
35
50
43
53
183
178
175
194
191







71
87
54
59
38
36
42
10
31
61
68
82
135


175
142


79
190
182
181
182
208
231
221
268
240
260
242
273
270
252
235
255
185
170
164
169
171






22
13
26
22
29
19
14
30
32
35
45
45
55
60


172

192
185

187




260
252
261
262
247
239
281
289
273
278
257
248
196
196
187
216
271
276
286
275
265
166


335
23
37
38
49
77
81
65
52
61
76
79
53
77
75
60
64
49
59
61
66
76
79
81
77
85
81
77
83
77
84
81
81
83
83
86
83
79
76
82
71
65
66
66
66
68
75
79
85
75
80
87
75
77
78
79
82
87
79
77
77
75
73
81
85
93
100
72
51

60
72
84
77
69
71
73
82
73
66
82
92
95
107
112
135


187
180
169




104
88
98
103
58
77
65
60
51
48
65
81
194
170
175
171
185
191
187
186
191
211
188
226
222
239
263
283
276
294
281
275
297
307
320
329
328
314
339
349
340
329
337
340
23
19
44
43
53
26
28
3
25
45
358
24
39
41
40
56
189
180
176
178
181
193
176
183

174



30
36
355
355
346
336
319
346
21
356
354
186
174
177
167
164
174
160
170
193



224
228
236
220
233
235
269
261
261
265
249
193
185
179
179
186
180
187



174
199
205
203
208
239
275
278
260
236
227
228
222
217
224
208
223
216
221
226
220
231
215
219
214
218
223
228
232
224
226
227
237
214
224
217
218
201
209
203
198
226
219
204
189
179
204
202
203
216
224
250
228
223
233
233
217
212
229
191
202
208
211
209
209
222
223
216
220
216
202
208
211
218
228
233
226
237
235
229
225
241
247
244
236
254
265
211
215
214
224
231
222
228
229
226
229
225
239
252
252
266
297
236
256
260
285
297
280
271
268
255
214
181
179
182
186
189
185
191
196
191
188
253
240
266
225
252
243
264
249
233
228
190
181
164
155
163


95
105

348
61
40
74
31
28
32
47
55
40
40
31
30
32
35
31
35
149
175



42
57
70
75
59
72
43
69
62
88
62
37
26
42
35
39
40
42
57

170
169




184
179

98
100
125
102
69
61
60
64
72
19
33
44
43
187
181
182
185
187
172
159
157
170




24
50
8
298
35
307
34
7
7
42
58
187
190
184
177
180
176
171
155
166
164
167

71
43
28
36
25
23
41
42
40
39
42
62
92
192
177
203

165


173
186



331
356
353
13
2
30
65
67
98
99
143
172
176
178
174
170
169







249
233
234
191
261



352
353
355
12


12
22
22
23
27
28
26
27
25
27
28
31
31
30
29
28
34
22
21








188
182
169
179
190

190
317
322
337
344
5
350
305
317
309
314
7
354
189
171
185
177
174
181

179
169

108
48
39
346
66
5
45
37
349

8
19
31
27
37
23
10
22
22
22
29
36
21
34
48
53
37
39
43
40
38
40
39
33
32
38
40
36
23

20
18


202
188
203

8
13
9
13
5
11
29
24
13
9
14
6
26
32
184
176
183
179
173
170
166
170
180


326
128
306
287
294
294
293
296
282
303
308
325
321
316
329
317
190
191

168
172
162
169
224
293
320
283
306
297
293
299
277
304
298
281
262
190
180
182
177
185
205
209
190
191
203
217
220
234
258
270
265
237
265
266
270
274
279
283
263
256
268
210
168
177
177
212
188
225
114

243
228
252
258
301
291
293
307
286
306
309
314
322
340
326
306
247
195
221
204
188
186
235


12
311
6
20
28
19
42
42
36
44
42
44

173
193
200
158


175

182



41
31
333
334
357
310
297
287
289
307
254
196
186

196
187
186
184
183
188
197
198
206
207
199
204
220
222
227
244
260
286
273
265
221
215
218
221
227
230
224
218
216
221
225
228
226
236
236
227
225
225
247
233
247
266
265
266
261
259
248
228
222
216
217
220
214
214
213
222
241
243
250
260
260
262
276
280
278
276
274
274
270
269
250
242
260
262
270
261
270
279
283
287
286
296
314
321
322
323
315
330
335
332
352
346
14
29

138
179
174
176
171
172
170



30
22
5
5
11
19
22
24
13
28
25
18

186
183

210

201
189
174



62
349
320
316
342
334
315
339
337
337
332
330
336
334
341
2
17
23
21
33
52
47
58
60
49
53
41
41
41
44
31
35
37
39
30
33
32
46
39
63

192
185
182
186
200

61
34
65
68
62
63
49
52
52
20
28
41
37
47
86
189
157


182

188
193

89
95
103
99
89
73
71
69
50
51
45
38
48
51
67
79
139
188

186
167
162
184

57
80
58
41
36
58
68
71
68
50
41
39
46
53
71
172
187
182
200
178
194

214
254
64
72
64
71
69
74
74
73
52
30
22
20
16
20
178
184
177
155
174






347
351
13
358
358
0
328
300
292
292
299

305
311
280
202
200
192
176
175
186
226
234
216
231
278
290
273
258
281
262
287
286
279
304
307
312
335
322
281
295
308
291
301
282
281
283
291
298
303
303
292
295
292
296
263
269
296
268
247
281
284
280
257
258
246
234
219
212
206
203
211
208
211
213
208
208
235
230
236
281
257
252
233
219
216
231
209
211
208
204
209
211
214
216
224
221
211
220
231
238
250
240
243
226
231
238
244
224
215
206
199
205
207
211
212
215
224
231
232
234
252
255
252
244
267
246
259
267
275
263
260
208
278
236
172
178
198
233
246
219
182
256
246
243
260
250
273
280
288
267
303
290
292
311
331
307
266
256
288
259
250
312
322
6
8
6
353
353
353
357
348
343
0
349
356
352
10
358
359
358
340
342
355
347
9
13
25
29

288
258
269
289
299
7
14
34
30
77
109
99
71
62
66
173

138
196




180


55


66
42
52
78
90
41
69
85
88
89
159

121

134
142



31
50
87
99
106
115
119
116
145
196
292
297
278
249
221
312
207
197
218
125
101
98
142
165
108
156
143

121
117
191
98
158
18
24
334
264
236
232
257
272
190
214
216
217
222
223
233
237
236
229
223
232
239
260
266
273
262
269
260
264
335

197
217
198
198
202
188
198
190
187
201
205
222
252
281
270
268
261
249
245
251
208
174
181
178
204
219
205
201
212
210
212
204
207
201

238
236
260
162
102
100
97
108
91
119
146
140
82
151
192
191
183
183

177
181
164


75
73
67
53
65
77
103
71
81
256
229
259
257
265
222
234
228
211
217
208
201
200
213
215
213
216
216
223
226
212
206
197
209
215
241
251
273
163
177
179
175
166
175
208
208
211
211
221
231
238
238
235
255
259
275
273
267
263
260
248
271
270
289
287
184
183
176

230
223
227
267
280
293
285
267
269
282
278
275
288
279
291
272
230
193
176
187
185
187
187
183
185
174
178
190
227
221
245
246
238
218
236
231
237
245
256
274
263
177
176
264
260
241
218
219
254
240
234
229
233
241
242
238
266
279
313
286
284
283

319
274
194
189
178
174
191
172
171
170
175

117
105
151
123
32
32
35
24
32
29
34
41
43

192
171
164
168
177

172

195

19
25
45
85
79
67
69
71
82
85
78
48
40
51
133
142
141
132
135



117
102
87
92
99
114
115
109
98
95
98
100
103
95
99
112
124
114
121
130

114
51



122
137
135
160
174
230
277
291
293
277
213
180
245
183
157
147
137
136
189
195
193
176
206
205
200
191
208
208
212
213
211
214
229
228
219
222
223
217
205
207
206
217
219
217
216
217
224
260
258
224
207
225
216
204
220
229
241
250
242
227
207
210
204
203
231
185
188
195
201
207
236
218
214
223
231
227
228
236
242
250
234
236
242
250
242
228
234
256
253
236
223
230
228
231
225
231
237
232
229
230
239
234
239
236
219
214
217
224
218
218
214
217
213
212
212
211
212
217
216
222
222
228
231
229
227
226
225
211
243
245
252
263
238
220
214
224
224
217
223
214
205
194
206
218
228
233
243
223
220
226
233
198
246
212
217
253
260
244
251
243
235
219
220
215
217
223
221
221
233
231
230
230
239
245
258
249
243
233
238
237
229
223
226
220
216
220
218
212
211
210
213
223
222
220
221
214
215
217
220
228
221
221
218
227
206
207
214
209
215
216
216
217
219
219
225
226
224
228
229
224
221
224
230
230
232
236
231
237
253
262
257
258
251
247
235
230
239
240
250
248
258
256
264
252
258
269
266
275
285
298
292
283
293
296
298
217
204
223
205
186
185
193
177
200
216
205
225
224
235
229
248
271
259
291
283
300
313
257

176
273
177
217
238
238
259
247
213
203
212
219
213
210
221
231
237
243
233
227
258
254
294

253
241
250
244
253
234
237
229
226
217
227
232
249
247
260
246
240
260
256
274
272
310
12
192
179
215
213
197
227
220
221
242
247
237
237
252
263
284
307
303
307
320
325
328
316
335
318
337

226
212
207

178
194
183
169
240
284
292
300
288
294
271
294
281
312
26

302
243

183
184
179
161

173
168



29
32
69
8
355
2
5
45
52
51
44
37
40
167
182
186
176
174
169
171
173




354
321
302
310
322
250
280
314
305
305
303
222
180
179
197
172
179
169
167
178
177
185
178
236
267
242
267
264
252
236
242
245
220
153
212
221
246
307
309
310
296
297
288
264
291
305
317
323
304
312
309
298
291
281
296
321
288
286
269
287
251
247
164
188
226
258
236
234
233
221
244
244
231
277
266
256
259
279
301
274
286
295
266
254
294
284
276
289
286
289
290
274
278
262
289
290
294
287
261
277
291
281
286
280
274
283
281
209
197
182
175

191
187
164
170
175
183
198
246
271
223
250
220
243
289
274
235
242
241
213
200
228
278
200
194
187
182



172
321
207
236
246
253
267
250
247
288
296
290
296
296
301
298
334
24
21
348
359
346
5
357
357
340
339
343
348
348
356
55
333
347
326
336
328
333
343
352
344

238
196
192
189
188
194
188
331
284
302
283
316
318
322
321
324
349
330
329
335
315
188
319
332

198
187
184
177
181

34
59
38
34
13
355
347
3
323
335
338
343
343
345
348

173
173
180
171
188
188
183
202

45
30
118
110
329
217
294
276
291
277
264
218
178
176
193
231
210
205
211
227
241
236
246
259
257
264
238
263
275
278
266
260
261
285
295
243
206
225
212
201
190
201
212
211
205
214
216
201
202
209
212
227
221
225
228
218
204
215
190
175
163
177
216
232
207
207
230
227
237
221
224
225
249
257
259
262
240
248
261
268
230
216
250
233
216
216
215
207
191
184
171
171
187
177


177
173
179
177
187
189
196
194
206
210
215
227
215
185
236
222
259
242
240
256
256
254
252
258
255
239
256
264
257
263
259
262
272
266
270
279
262
295
253
199
207
218
221
206
211
217
222
223
220
226
242
255
263
256
275
277
289
278
292
315
210
195
185
169
177
161
171
169


195


300
151
116
295
113

314
12
19
42
52

203
147
128


170
171
172



9

91
112
114
106
131
18
301
217
236
197
188
180
186
176
175
207
231
222
227
259
226
193
210
207
220
229
273
288
285
285
288
295
309
341
331
333
333
309
260
288
269
198
253
254
251
248
261
250
270
272
287
282
281
298
296
314
322
324
347
338
330
276
185
187
193
184
177
168
179

92
56
340
326
298
278
251
329
291
315
320
328
333
317
275
284
289
284
277
279
286
263
266
291
303
315
296
290
297
283
280
286
269
270
276
234
197
172
172
178
187
184
191
190
187
186
184
188
211
219
222
194
233
206
200
210
216
218
217
198
181
187
180
176
173
177
186
190
182
185
178
174
179
197
134
135
99
107
165
243
95
69
60
69
191
211
155

172
170

173

157


22
22
167
134
105
143
32
10
32
31
35
54
190
187
183
204

144


187


147
343
339
17
284
65
24
295
332
342
355
6
21

183
176
183
211

188



168



355
23
344
287
115

124
164
130
107
143
168
162
143
176
153


161
197

165
132
122
111
53
48
52
55
49
59
80
77
91
185
197
184
183
162
202
224
171
158
170
186





96
110
274
255


152
147
142
103
7
78
158
148
174


197

135
123
114
143
150
107
44
86
168
169
166
150
153
159
172
181
192
144
164
156


164
162
178

194
261


205
226
220
214
204
250
230
187
173
196
245
211
130
145
158
191
225
209
215
211
221
229
220
211
217
224
255
248
274
290
247
257
238


184
174
203
189


165
157




173
186
197

50
86
99
107



190
192
192







24
24
33
325
326

254
238
170
249
272
228
184
143
151
179
186
183
175
161
169
206
208
211
227
226
230
242
239
249
229
251
259
243
224
214
209
208
232
229
203
207
213
218
214
214
221
228
249
230
241
257
294
225
264
291
229
181
170
173
172
177
176
175
175
182
178
178
182
184
176
184
195
164
195
192
180
185
196
206
175
170
142
158
177
203
205
195
207
197
201
209
209
214
211
212
209
174
160
170
170
163
153
152
139
140
163
191
163
172
174
178
217
191
201
175
217
242
249
202
193
214
223
217
212
203
214
215
204
221
214
203
203
201
208
216
219
226
225
215
223
223
224
230
230
239
239
242
238
244
238
247
279
262
230
251
248
240
225
208
215
228
237
248
217
212
231
246
241
237
226
246
252
224
230
215
217
218
221
218
218
220
222
221
217
220
216
219
220
221
223
231
226
234
243
258
275
262
259
259
212
215
218
216
216
213
219
214
211
199
167
179
177
188
180
183
200
200
205
194
185
186
195
229
223
191
191
202
250
233
234
241
234
236
241
237
238
238
231
240
237
234
240
248
261
262
263
269
268
265
265
257
247
236
233
241
242
225
214
190
225
226
217
251
242
224
227
231
211
236
221
195
196
200
165
177
169
172
191
206
210
221
228
223
218
222
227
230
220
229
238
227
212
207
214
221
228
216
218
213
209
206
209
207
203
200
197
204
207
209
207
204
209
221
242
244
249
239
236
231
222
274
275
211
192
180
187
198
181
192
199
187
257
249
259
253
273
251
300
293
271
274
280
281
252
282
302
313
333
341
328
329
329
327
329
328
344
347
351
349
340
345
341
337
327
316
327
336
353

345
358

356
359






237



39
39
19
23
330
356
347
354
346
360
207


172

196
210







318
307
337
319
47

162
278
283
204

172
184
165
176
178
184
188
178
197
205
211
224
221
198
205
210
210
211
211
210
209
209
207
213
227
220
215
223
208
225
225
226
226
226
223
219
224
231
249
296
290
269
249
264
236
227
233
221
236
212



337
312
224
242
248
253
261
280
285
279
290
278
271
273
277
272
299
299
244
196
199
197
199
203
193
195
185
197
186
212
233
244
273
253
272
269
277
307
292
281
295
215

184
179
178
171
165
167
173
168



267
245

267
245
261
291
269
267
283
245
188
174
175
177
180
190
194
209
210
215
213
218
219
231
236
229
235
243
233
280
295
280
274
300
274
190
182
192
182


177
156

215
215
207
212
221
240
253
251
239
258
275
273
279
270
282
315
316
340

4
337
15
46
31
32
28
56
41
56
93
103
68
31
348
299
336
320
266
182
176

180
182

158
180



180


134
135
205
242
262
258
244
242

205

184
178
176
176
174
177
185
200
262
193
178
241
237
245
276
237
255
250
265
281
296
303
283
185
179
169
166
177
164
179
171
184
195
187
185
195
195
220
243
263
258
249
260
251
259
285

189
171


162


181
175
170
151
169




181
70
117
191

211
194
181
173
168
170
169
175
171
180
185
180
177
179
179
178
168
153


87
286
293
268
272
224
193
190

170
186
172
171
163
212
155
190
191


209
273
278
289
291
327
333
351
348
351
7
20
14
30
29
27
26
25
23
24
35
37
42
45
42
41
68
65
76
69
57
49
45
43
40
45
61
71
67
78
79
57


97


58
78
83
78
78
86
87
89
88
89
82
73
71
51


176
189
185


175
152




355
15
355
4
40
71
61
66
80

200

171











20
38
39
30
45
49
40
40
51
180
158
182
180
171
156
177
168
146
170
175
168



17
10
35
6
342
317
323
334
214

162
171
169
169
159
168
174
175
171


186


21
10
331
324
319
298
313
309
194
170
185
180
193
171
175
172
189
190
137
175

209
211
215
221
219
216
217
224
211
223
219
204
180
180
187
185
193
220
211
250
231
229
226
222
217
216
213
207
213
205
213
199
204
202
186
161
150
194
161
170
224
206
212
207
220
222
207
197
194
203
202
202
209
222
233
242
232
248
240
231
237
233
239
243
241
235
236
238
256
281
284
288
289
294
290
299
292
292
294
318
305
309
321
268
276
293
275
234
254
297
283
271
270

55
66
58
55
45
64
70
63
67
37
45
50
63
125
188
185
186
186
167
188

212
211
211
206
200
207
213
209
209
208
190
195
177
185
194
194
188
191
189
194
196
205
199
204
234
246
249
258
257
255
249
222
220
222
236
238
255
262
250
228
212
216
210
184
206
209
206
212
183
188
215
171
163
190
181
185
205
203
203
231
196
192
178
172
175
158
155
166
172
182
169
162
167
178
168
180
179
174
162
151
153
181
168
190
195
217
221
219
186
203
196
188
208
184
161
158
162

148
143

106
100
83
108
86
82
63
63
71
64
49
67


67
88



175
186
245
241
234
222
215
220
243
235
215
212
198
161
160
171
155
137
70
158
175
160
148
141
163
188
197
205
200
201
207
214
209
214
208
203
206
203
194
192
171
175
179
184
191
194
191
190
187
186
187
182
182
192
196
196
200
212
211
215
215
221
218
216
204
202
205
204
206
213
210
233
228
229
221
220
211
207
199
200
209
225
229
235
250
250
226
214
218
221
220
226
219
222
226
236
234
239
246
255
248
255
248
243
242
244
252
253
252
258
257
245
233
218
224
221
218
207
211
210
208
202
207
203
207
214
214
216
218
222
220
218
221
218
216
219
216
219
228
274
280
261


188







249
233
223
211
215
246
198
200
187
273
219
221
227
223
263
259
244
238
236
251
234
220
224
240
253
248
246
245
250
238
236
225
213
218
230
247
244
244
254
265
265
261
261
256
257
257
258
229
242
262
266
263
266
257
279
266
250
269
251
242
247
259
254
244
245
256
265
283
280
256
260
238
239
250
259
270
267
301
255
198
178
174
173
175
179
184
175
178
166
173
179
177
155
161
171
166
151
165
173
183
162
113
98
91
102
107
105
134
87
175
192
140


187


208


34

345
348
8
21
8
18
5
359

6
15
17
23
23
10
3
2
3
4
12
5
1
4
349
349
8
22
29
21
17
29
25
27
32
32
30
35
23
8
20

6
357
349
17
25
24
33
31
48
56
69

20
30
25
28

2




202
193
182








280
273

235
190

189
172
171
186
190

184
171
183
181
199
201
212
199
211
211
213
242
261
262
213
205
210
217
217
226
224
215
220
218
202
210
163
195
189
200
150
199
205
213
192
201
189
172
162
146
169
153
128

147
169
179
194
190
193
185
187
206
194
210
211
209
202
202
202
206
210
211
201
194
192
194
195
200
182
181
188
191
193
192
188
196
188
187
189
194
198
202
204
212
216
212
214
215
216
214
217
219
221
229
226
213
213
209
205
206
208
216
216
213
219
230
236
230
223
221
254
218
225
239
221
224
213
214
231
213
212
204
202
210
217
219
216
220
240
250
226
208
217
217
219
207
204
208
204
209
222
216
214
222
221
218
216
207
209
204
207
206
217
212
213
205
206
205
205
204
205
206
204
206
206
204
201
196
196
186
187
194
195
209
199
199
218
227
208
237
202
204
202
212
215
205
208
208
205
206
214
212
210
199
202
196
216
224
230
218
221
227
217
207
204
199
209
205
201
197
200
209
206
212
213
216
219
212
216
209
210



211
213
206
205
206
202
199
198
198
200
202
205
208
215
225
223
223
210
223
225
224
218
220
225
221
223
226
220
218
215
213
207
207
210
217
228
234
221
226
238
231
242
233
229
231
228
227
233
236
233
241
226
214
206
202
206
213
216
221
226
227
229
236
228
224
225
226
227
228
229
230
225
235
243
247
246
243
233
227
222
220
224
215
218
216
228
215
205
200
192
184
184
186
140
154
158
189
202
184
193
206
207
205
205
204
201
206
217
227
230
257
251
216
207
209
209
199
206
213
205
204
203
206
213
216
217
215
214
216
216
212
214
213
211
211
211
216
221
218
219
219
223
219
222
221
218
219
217
219
220
264
270
224
224
238
239
233
221
214
221
217
207
215
215
199
198
210
207
210
217
221
223
223
229
220
214
217
220
225
229
216
211
211
211
211
214
207
204
190
193
221
247
219
271
271
281
313
263
202
176
167
164
165
172
173
169

159


168

176



80
53
59
31
36
41
115
198


149




178

173

174




93
95
98
100
89
74
78
93
63









153






342
9
20



158
191
158
153
153
175
177
188
182
180
180
181
180
179
177
178
181
199
178
125




138
200
182
137
183
178
186
167
172















163
181
175
172
181
175
81
137
174
171
175
179
181

172


248
260
241
243
271
288
259

233
253
270
254
237
234
254
166
175
173


179
158



192
242
220
197
154
147

147
90
105
175
178
184
193
182
192
193
190
200
204
203
227
231
230
230
229
237
239
234
232
219
194
201
208
201
194
187
183
183
182
183
178
178
179
179
195
199
202
207
212
221
210
211
209
203
209
210
213
214
217
221
214
217
211
212
204
209
199
205
206
205
208
209

206
202
200
190
191
191
190
188
191
198
204
201
193
204
186
192
193
181
181
184
188
191
191
187
194
190
182
190
230
239
207
211
215
218
219
217
221
227
222
223
222
230
224
221
225
231
239
243
244
246
239
239
234
222
219
227
225
221
221
217
218
218
217
218
224
225
218
223
227
226
233
232
235
228
222
230
220
220
226
212
214
214
211
211
203
212
205
181
118

174
188
178
196
207
206
207
200
194
201
195
195
203
209
218
217
212
223
238
264
248
222
225
227
227
233
247
251
250
254
263
252
266
303
310
322
304
270
270
272
266
266
251
239
259
266
258
236
235
229
226
246
226
216
201
223
201
195
179
178
179
173
155
104
201
192
209
207
203
206
207
203
207
209
211
211
215
214
217
221
218
217
224
215
217
213
211
207
215
219
213
216
215
213
214
214
214
217
219
218
217
216
220
220
224
220
218
223
225
224
224
225
216
229
229
225
227
241
269
280
291
297
305
311
310
262



157
138
168
196
185
198
205
221
200
177
175
184
189
198
192
178
182
182
179
174
192
194
188
183
175
98
118
146
167
153
142